1.000000000 0.000000000 0.000000000 0.000000000 0.000000000 1.000000000 0.000000000 0.000000000 0.000000000 0.000000000 1.000000000 0.000000000
0.999903738 0.000534869 0.013860018 0.011616566 -0.000523233 0.999999464 -0.000843086 -0.079048216 -0.013860461 0.000835753 0.999903619 0.707916439
0.999578476 -0.000574833 0.029026050 0.040585533 0.000681828 0.999993026 -0.003676414 -0.151592910 -0.029023735 0.003694656 0.999571919 1.395838499
0.998894513 -0.001727970 0.046977680 0.083011277 0.001984848 0.999983311 -0.005421982 -0.221486300 -0.046967529 0.005509231 0.998881221 2.062700272
0.997692585 -0.002398565 0.067849740 0.134834990 0.002784240 0.999980509 -0.005590260 -0.292993248 -0.067834996 0.005766272 0.997679830 2.715401173
0.995848477 -0.006398352 0.090800717 0.209938660 0.006951667 0.999959171 -0.005778768 -0.363758862 -0.090760037 0.006385994 0.995852232 3.346999645
0.993088841 -0.008280033 0.117072299 0.295594454 0.009225071 0.999929130 -0.007532689 -0.427636653 -0.117001623 0.008560630 0.993094862 3.963980436
0.989080727 -0.007432822 0.147187158 0.399156243 0.009300494 0.999884665 -0.012004942 -0.497419953 -0.147080943 0.013242769 0.989035785 4.574745178
0.983527124 -0.007364496 0.180610299 0.522691607 0.010717753 0.999787629 -0.017597377 -0.567824781 -0.180442348 0.019243235 0.983397305 5.169098377
0.976405859 -0.009229393 0.215746284 0.679214180 0.014288968 0.999657989 -0.021903476 -0.635939598 -0.215470359 0.024469480 0.976203740 5.769496918
0.967454433 -0.012887274 0.252716780 0.853090107 0.019369991 0.999543667 -0.023180865 -0.705944359 -0.252302676 0.027321549 0.967262566 6.344920158
0.956650913 -0.016357150 0.290777296 1.055641174 0.024706669 0.999380469 -0.025066065 -0.777879119 -0.290187091 0.031163611 0.956462324 6.917748928
0.943821907 -0.018649647 0.329927713 1.275526762 0.028995633 0.999229133 -0.026464721 -0.851181865 -0.329179794 0.034544449 0.943635166 7.470767975
0.929267704 -0.022208456 0.368738830 1.519032836 0.034132551 0.999083102 -0.025845345 -0.920723796 -0.367826760 0.036603242 0.929173589 8.006589890
0.913459480 -0.026785888 0.406047195 1.784280777 0.040259328 0.998884559 -0.024675112 -0.993212342 -0.404933333 0.038886894 0.913518906 8.520128250
0.895972550 -0.033585679 0.442837626 2.068562508 0.049062200 0.998518407 -0.023535622 -1.059111714 -0.441391051 0.042813856 0.896292865 9.020195007
0.877209187 -0.039864130 0.478450447 2.377299070 0.057560258 0.998091340 -0.022372937 -1.131785154 -0.476645261 0.047165483 0.877829492 9.500259399
0.856338024 -0.042512048 0.514662921 2.705091000 0.062644057 0.997797549 -0.021812474 -1.197235703 -0.512602091 0.050919421 0.857115090 9.987739563
0.833121181 -0.042093623 0.551486373 3.050348520 0.064118899 0.997727394 -0.020709237 -1.261004210 -0.549361348 0.052614000 0.833926737 10.458156586
0.807318330 -0.039216183 0.588811636 3.418392658 0.062376689 0.997870564 -0.019064117 -1.328008533 -0.586810112 0.052118935 0.808045447 10.927926064
0.779152572 -0.040399604 0.625531137 3.817327738 0.064638808 0.997779310 -0.016072113 -1.392207146 -0.623492718 0.052956216 0.780033648 11.376730919
0.747581363 -0.046200316 0.662561417 4.242704391 0.070109993 0.997493565 -0.009551427 -1.456697583 -0.660459459 0.053592645 0.748946667 11.808454514
0.712562382 -0.051556189 0.699711919 4.691630363 0.076363079 0.997070730 -0.004299331 -1.515035868 -0.697440624 0.056495704 0.714412153 12.215046883
0.675795734 -0.054878604 0.735043287 5.176306725 0.082155891 0.996618867 -0.001125834 -1.565030098 -0.732496142 0.061148964 0.678019285 12.600420952
0.635732174 -0.056783535 0.769818306 5.669261456 0.084624089 0.996406376 0.003612828 -1.623371482 -0.767257035 0.062848389 0.638252854 12.973903656
0.593758821 -0.059149120 0.802466094 6.192650318 0.086528078 0.996204913 0.009405809 -1.678145885 -0.799977064 0.063851073 0.596623540 13.328500748
0.550264895 -0.061890554 0.832693279 6.739208698 0.088162459 0.995981336 0.015767071 -1.725842357 -0.830322802 0.064736217 0.553510010 13.652203560
0.504975796 -0.065059036 0.860678017 7.312445641 0.092872374 0.995461643 0.020757427 -1.764825583 -0.858122408 0.069451213 0.508726299 13.948195457
0.457702875 -0.070171118 0.886331797 7.894235134 0.098489568 0.994747043 0.027894253 -1.810968280 -0.883633316 0.074527144 0.462209702 14.206264496
0.409722120 -0.074116744 0.909194410 8.502370834 0.104518585 0.993944168 0.033924893 -1.845414996 -0.906202853 0.081127934 0.414987415 14.434495926
0.362648875 -0.077647023 0.928685427 9.134737015 0.109718837 0.993149638 0.040191982 -1.879849434 -0.925444484 0.087318704 0.368684024 14.647698402
0.319381416 -0.080480598 0.944202483 9.784125328 0.114901260 0.992324352 0.045716386 -1.913801789 -0.940634429 0.093889095 0.326177269 14.835824013
0.281918943 -0.082652308 0.955871463 10.452614784 0.120836921 0.991407990 0.050086156 -1.938761711 -0.951798379 0.101384342 0.289484143 14.999710083
0.249718219 -0.083689138 0.964695275 11.135324478 0.125572801 0.990644276 0.053434871 -1.962992430 -0.960141778 0.107795820 0.257890999 15.150532722
0.222296998 -0.083864488 0.971365452 11.834850311 0.128949448 0.990070462 0.055969328 -1.981001019 -0.966413975 0.112815209 0.230903953 15.287090302
0.199012935 -0.084470786 0.976349652 12.558015823 0.130166516 0.989729404 0.059096050 -2.001514912 -0.971313775 0.115327142 0.207964256 15.418768883
0.180213347 -0.085055351 0.979943275 13.297050476 0.132081702 0.989324272 0.061579525 -2.019243717 -0.974719167 0.118335113 0.189523682 15.542456627
0.166109085 -0.085333861 0.982408345 14.063783646 0.134640142 0.988881469 0.063130714 -2.042819977 -0.976872385 0.121785015 0.175751567 15.663822174
0.156824872 -0.085051589 0.983957410 14.841844559 0.138685882 0.988309801 0.063323803 -2.061938286 -0.977840543 0.126530245 0.166787043 15.773822784
0.151351273 -0.084476545 0.984863758 15.634073257 0.140881240 0.988013864 0.063096486 -2.075905800 -0.978389084 0.129199103 0.161438331 15.891407013
0.148918539 -0.084595077 0.985224366 16.452243805 0.142828956 0.987726092 0.063221030 -2.094888210 -0.978479981 0.131303772 0.159173369 16.008480072
0.147354424 -0.084808789 0.985441089 17.298917770 0.144789040 0.987433791 0.063329786 -2.121588230 -0.978428841 0.133349165 0.157782063 16.140941620
0.146830946 -0.085114434 0.985492885 18.149356842 0.145126894 0.987363398 0.063653179 -2.141605854 -0.978457391 0.133675262 0.157327920 16.271648407
0.147682443 -0.085654385 0.985318840 19.024719238 0.146286383 0.987176955 0.063890092 -2.156804562 -0.978156447 0.134703293 0.158318758 16.398405075
0.148673236 -0.087040581 0.985048294 19.927171707 0.147377625 0.986944497 0.064964458 -2.181183338 -0.977842689 0.135515600 0.159560069 16.534145355
0.149937421 -0.086120583 0.984937489 20.837316513 0.148729771 0.986827612 0.063644655 -2.202890873 -0.977444828 0.136946812 0.160771087 16.668010712
0.150619149 -0.084661707 0.984960020 21.763742447 0.148900598 0.986902833 0.062058974 -2.229002476 -0.977313936 0.137313843 0.161252633 16.812084198
0.151580334 -0.083955042 0.984873056 22.715538025 0.148943722 0.986949444 0.061208360 -2.249932051 -0.977158666 0.137412712 0.162106708 16.965639114
0.152858406 -0.086058699 0.984493911 23.675676346 0.149894699 0.986694217 0.062977485 -2.272492886 -0.976814210 0.137943774 0.163724244 17.112575531
0.153679386 -0.087732702 0.984218299 24.654981613 0.151626721 0.986347616 0.064246967 -2.294625044 -0.976417899 0.139360368 0.164883927 17.263252258
0.154818773 -0.087665111 0.984045744 25.640890121 0.149408415 0.986676574 0.064393222 -2.329823494 -0.976579845 0.137055412 0.165853962 17.426139832
0.156016245 -0.085600629 0.984038353 26.647903442 0.149782896 0.986767352 0.062090404 -2.356961727 -0.976331949 0.137705013 0.166773245 17.584020615
0.157889321 -0.083084889 0.983955204 27.673768997 0.148225844 0.987157702 0.059570409 -2.384348154 -0.976268411 0.136442050 0.168176994 17.749036789
0.159568101 -0.081434511 0.983822286 28.726886749 0.146403939 0.987523377 0.057995312 -2.412163734 -0.976270437 0.134781271 0.169499516 17.928083420
0.161883265 -0.082255386 0.983375669 29.770339966 0.143457934 0.987895072 0.059017383 -2.444285870 -0.976326704 0.131519109 0.171723843 18.101203918
0.164046392 -0.084050342 0.982865334 30.825551987 0.142308429 0.987957418 0.060733605 -2.478204250 -0.976133645 0.129906937 0.174031898 18.278957367
0.166159332 -0.086612538 0.982287824 31.882896423 0.140412793 0.988062978 0.063370153 -2.516300440 -0.976050854 0.127396226 0.176337391 18.473295212
0.168602362 -0.088118948 0.981737494 32.946144104 0.140772074 0.987938702 0.064499557 -2.546331644 -0.975579917 0.127326444 0.178973541 18.656459808
0.170795798 -0.089028776 0.981276095 34.025936127 0.142223582 0.987707376 0.064857587 -2.567715645 -0.974987805 0.128483221 0.181358278 18.850404739
0.173881605 -0.089452028 0.980695426 35.128135681 0.143080398 0.987593293 0.064712405 -2.611396790 -0.974316716 0.129065990 0.184523135 19.041240692
0.176407576 -0.087919123 0.980382979 36.211566925 0.145896152 0.987336874 0.062290583 -2.646779776 -0.973444700 0.132045537 0.187000781 19.235555649
0.179180905 -0.086556301 0.980001211 37.294879913 0.148282200 0.987118781 0.060073428 -2.678604364 -0.972577274 0.134552702 0.189707607 19.429801941
0.181873560 -0.088783890 0.979305506 38.385082245 0.146996260 0.987179697 0.062198054 -2.715907574 -0.972272635 0.132642061 0.192592755 19.633569717
0.183940738 -0.095255621 0.978310823 39.472846985 0.148905948 0.986506701 0.068056509 -2.746005774 -0.971592903 0.133157924 0.195642903 19.832263947
0.185401767 -0.099264637 0.977636218 40.571125031 0.149499699 0.986153066 0.071777828 -2.774085999 -0.971224010 0.132848606 0.197674543 20.039630890
0.186433941 -0.098292820 0.977538168 41.691856384 0.151776344 0.985919595 0.070189126 -2.810300112 -0.970673084 0.135281548 0.198727414 20.255546570
0.187314123 -0.091023728 0.978073716 42.800380707 0.152237386 0.986357033 0.062639125 -2.838963270 -0.970431447 0.137166172 0.198615834 20.464553833
0.187944606 -0.085409865 0.978458941 43.915447235 0.150041923 0.987015724 0.057336379 -2.869994164 -0.970651388 0.136033818 0.198319346 20.679950714
0.187726557 -0.085106388 0.978527308 45.043914795 0.149018154 0.987174630 0.057269946 -2.915392399 -0.970851362 0.135067239 0.198001280 20.905347824
0.187541500 -0.087596834 0.978343010 46.164512634 0.148420006 0.987106800 0.059930433 -2.958790541 -0.970978737 0.133966237 0.198124588 21.115123749
0.186652854 -0.088906586 0.978394806 47.292911530 0.147700846 0.987116873 0.061521593 -2.987817526 -0.971259654 0.133026555 0.197379738 21.332363129
0.185453132 -0.089222975 0.978594065 48.437282562 0.148059949 0.987037182 0.061933968 -3.031819582 -0.971434832 0.133404732 0.196259499 21.555185318
0.184807673 -0.088852167 0.978749871 49.574943542 0.149317607 0.986881316 0.061396178 -3.069220781 -0.971365213 0.134798139 0.195650414 21.765840530
0.184178606 -0.089596398 0.978800654 50.722244263 0.150065571 0.986724734 0.062084269 -3.103358984 -0.971369445 0.135449678 0.195178926 21.980703354
0.183519915 -0.090840869 0.978809595 51.891571045 0.151097789 0.986494839 0.063224345 -3.148011684 -0.971334100 0.136293009 0.194767326 22.197254181
0.183054358 -0.091237262 0.978859961 53.061618805 0.150936544 0.986487508 0.063721925 -3.182192326 -0.971446991 0.136081129 0.194351882 22.410858154
0.181989312 -0.095091954 0.978691697 54.221126556 0.153063461 0.985919893 0.067331851 -3.214153767 -0.971314371 0.137548283 0.193981960 22.624380112
0.181099907 -0.101311795 0.978232384 55.402862549 0.156069160 0.985035717 0.073123351 -3.240052223 -0.971002102 0.139429271 0.194201559 22.844684601
0.180547848 -0.104363009 0.978013635 56.580490112 0.158870310 0.984391928 0.075715110 -3.260577679 -0.970650673 0.141707122 0.194310039 23.054538727
0.179641739 -0.105514057 0.978057027 57.780826569 0.165164530 0.983352840 0.075749263 -3.278477192 -0.969767809 0.147932604 0.194078371 23.266613007
0.179585367 -0.104114175 0.978217363 58.989864349 0.166919276 0.983189702 0.073999621 -3.307331562 -0.969477713 0.149994090 0.193945110 23.496156693
0.179732472 -0.101658523 0.978448749 60.199321747 0.171077639 0.982719243 0.070676766 -3.329250813 -0.968725324 0.154687747 0.194018081 23.709968567
0.180097044 -0.097911134 0.978763819 61.425872803 0.170021176 0.983155608 0.067065790 -3.357575893 -0.968843520 0.154332235 0.193710387 23.943950653
0.180922285 -0.093473062 0.979045391 62.656017303 0.167664722 0.983832419 0.062946565 -3.397631168 -0.969100416 0.152762920 0.193669349 24.177871704
0.181994081 -0.090734571 0.979104400 63.887660980 0.166221693 0.984242201 0.060313705 -3.432618618 -0.969148278 0.151771680 0.194208309 24.404779434
0.182458431 -0.090888150 0.979003668 65.130279541 0.163700640 0.984628499 0.060901180 -3.474452496 -0.969490051 0.149151608 0.194532171 24.642717361
0.182843924 -0.090796679 0.978940248 66.382385254 0.161965996 0.984903038 0.061098132 -3.518105984 -0.969708800 0.147383645 0.194789514 24.884469986
0.183723673 -0.089239582 0.978918731 67.640129089 0.162485778 0.984927714 0.059292000 -3.556032658 -0.969455481 0.148167029 0.195454761 25.119848251
0.185426071 -0.087371647 0.978766263 68.908195496 0.164300665 0.984774709 0.056781441 -3.596557140 -0.968825340 0.150283188 0.196958095 25.351860046
0.187141001 -0.084836006 0.978662908 70.190101624 0.164046258 0.984972775 0.054013886 -3.648698330 -0.968538642 0.150437742 0.198245838 25.593395233
0.188882589 -0.084356457 0.978369772 71.479858398 0.163471431 0.985103071 0.053377464 -3.694625616 -0.968297660 0.149853438 0.199858680 25.837427139
0.190363422 -0.085629269 0.977972090 72.768936157 0.160738319 0.985463500 0.054997314 -3.746208191 -0.968465269 0.146728128 0.201360136 26.088153839
0.190854415 -0.087784074 0.977685332 74.053298950 0.159411803 0.985543728 0.057370823 -3.797656536 -0.968587995 0.144905090 0.202089176 26.344352722
0.192946747 -0.087707609 0.977281272 75.371170044 0.157244995 0.985888064 0.057434812 -3.840867043 -0.968527555 0.142590716 0.204015449 26.604475021
0.194887757 -0.087997705 0.976870060 76.684066772 0.156666070 0.985972762 0.057562463 -3.883528709 -0.968232691 0.141824156 0.205940276 26.862838745
0.196183547 -0.089790314 0.976447523 78.005722046 0.157635882 0.985734820 0.058972824 -3.928901196 -0.967813492 0.142353669 0.207539126 27.129051208
0.197644323 -0.091832221 0.975962937 79.340362549 0.157962099 0.985574841 0.060747411 -3.973045349 -0.967463017 0.142158777 0.209299266 27.397506714
0.199243352 -0.092861161 0.975540400 80.685180664 0.158742681 0.985410273 0.061379232 -4.017903328 -0.967007101 0.142630458 0.211077467 27.670869827
0.200977653 -0.092950605 0.975175977 82.077789307 0.159068465 0.985372603 0.061139502 -4.072473526 -0.966594636 0.142832071 0.212823376 27.963562012
0.202683166 -0.093082793 0.974810362 83.431610107 0.160913303 0.985105813 0.060608692 -4.115393639 -0.965932906 0.144575596 0.214642629 28.235095978
0.203923374 -0.094325148 0.974432111 84.789718628 0.162199125 0.984846592 0.061389189 -4.159229755 -0.965456724 0.145533368 0.216132700 28.524208069
0.206104696 -0.095203459 0.973887622 86.173637390 0.161098167 0.984976768 0.062194116 -4.209515572 -0.965177834 0.144073039 0.218345478 28.809679031
0.206938341 -0.096717760 0.973561645 87.539222717 0.161912158 0.984765530 0.063415043 -4.254273891 -0.964863181 0.144508466 0.219445527 29.103805542
0.207927167 -0.098126590 0.973209798 88.897872925 0.162056491 0.984660864 0.064657643 -4.297077656 -0.964626372 0.144270897 0.220639825 29.390750885
0.209131002 -0.100018613 0.972759247 90.291572571 0.163575798 0.984317839 0.066040322 -4.345223427 -0.964109480 0.145308793 0.222211987 29.680324554
0.210363805 -0.099927820 0.972502768 91.656463623 0.164215073 0.984239936 0.065612227 -4.388477325 -0.963732660 0.145897150 0.223458156 29.967672348
0.211088717 -0.098715849 0.972469389 93.023010254 0.165351391 0.984155297 0.064010143 -4.429924488 -0.963379681 0.147287369 0.224066898 30.261369705
0.211449429 -0.096960537 0.972567499 94.405212402 0.164750800 0.984364629 0.062317580 -4.483143806 -0.963403523 0.147054300 0.224117607 30.561208725
0.212150559 -0.095435612 0.972565770 95.776298523 0.164543882 0.984499454 0.060713887 -4.529679775 -0.963284731 0.147149265 0.224565431 30.855373383
0.212344319 -0.094084330 0.972655118 97.139404297 0.164477021 0.984594882 0.059331600 -4.577256203 -0.963253438 0.147380680 0.224547863 31.150959015
0.212328404 -0.090962179 0.972955585 98.499206543 0.163174644 0.984979391 0.056476634 -4.641335487 -0.963478386 0.146770105 0.223981842 31.456501007
0.212706342 -0.088879332 0.973065615 99.851364136 0.162117407 0.985262275 0.054555472 -4.697986126 -0.963573515 0.146146581 0.223980442 31.753719330
0.213463441 -0.089546107 0.972838581 101.228340149 0.160818756 0.985426903 0.055417437 -4.755259037 -0.963623703 0.144621089 0.224753320 32.051097870
0.214623347 -0.091429316 0.972408116 102.588226318 0.161081940 0.985288501 0.057087474 -4.806405544 -0.963321984 0.144385070 0.226193562 32.332839966
0.215459391 -0.091415793 0.972224534 103.947044373 0.160356283 0.985405266 0.057117816 -4.860589504 -0.963256538 0.143595725 0.226973936 32.632789612
0.216336280 -0.090463683 0.972118795 105.291763306 0.160238966 0.985485852 0.056047842 -4.922125340 -0.963079393 0.143646196 0.227692142 32.932971954
0.217956379 -0.090092704 0.971791327 106.647033691 0.158992365 0.985706031 0.055723403 -4.977127075 -0.962920725 0.142362133 0.229164958 33.226440430
0.218537241 -0.091020338 0.971574306 107.982444763 0.158442646 0.985738397 0.056708593 -5.028966904 -0.962879777 0.141545877 0.229842037 33.528118134
0.219783023 -0.095189266 0.970893562 109.342437744 0.157530189 0.985629976 0.060973648 -5.093696117 -0.962745905 0.139544085 0.231619924 33.834533691
0.221269637 -0.097854324 0.970290840 110.701980591 0.158824116 0.985285401 0.063147545 -5.140898228 -0.962192655 0.140132949 0.233555347 34.139122009
0.222346932 -0.095925950 0.970237136 112.065696716 0.160984114 0.985100746 0.060503162 -5.188298225 -0.961585104 0.142740041 0.234476656 34.447753906
0.223599151 -0.095911838 0.969950736 113.417404175 0.163517922 0.984733641 0.059678439 -5.231743813 -0.960866988 0.145260289 0.235868871 34.752857208
0.225439161 -0.096608236 0.969455659 114.783172607 0.163000464 0.984785795 0.060231470 -5.283376694 -0.960524857 0.144443169 0.237756461 35.069423676
0.227065220 -0.096186534 0.969117999 116.147666931 0.164338261 0.984624684 0.059221011 -5.326035500 -0.959913731 0.145816132 0.239381120 35.381839752
0.228746429 -0.096543968 0.968686938 117.524955750 0.162753373 0.984857619 0.059722923 -5.382745266 -0.959784687 0.143995643 0.240995511 35.706024170
0.230514705 -0.097362868 0.968185723 118.893104553 0.161939532 0.984944761 0.060492128 -5.432411194 -0.959499121 0.142843217 0.242811128 36.023880005
0.231554404 -0.097598828 0.967913806 120.262565613 0.162801608 0.984811008 0.060355559 -5.480751991 -0.959102809 0.143602356 0.243926600 36.353908539
0.232580394 -0.098103225 0.967616677 121.650772095 0.163631141 0.984664619 0.060500573 -5.536443233 -0.958713293 0.144260958 0.245066449 36.692932129
0.234251156 -0.098951600 0.967127204 123.029830933 0.165239498 0.984384120 0.060693998 -5.580139637 -0.958030403 0.145590007 0.246943817 37.020008087
0.235399738 -0.097727261 0.966972828 124.411651611 0.166697219 0.984247744 0.058892421 -5.624660492 -0.957496166 0.147328436 0.247982547 37.351646423
0.236952975 -0.094624743 0.966902018 125.820373535 0.166532069 0.984471142 0.055533066 -5.689281464 -0.957141757 0.147861481 0.249031350 37.686973572
0.237959325 -0.090852588 0.967016697 127.207550049 0.165853396 0.984793782 0.051710270 -5.742906570 -0.957009971 0.148078069 0.249409050 38.025558472
0.238168195 -0.089528717 0.967088640 128.605422974 0.164272591 0.985109091 0.050741002 -5.804371357 -0.957230568 0.146781251 0.249328762 38.373821259
0.238888994 -0.088945940 0.966964662 130.006439209 0.161874250 0.985510230 0.050660744 -5.869811535 -0.957459569 0.144424409 0.249825567 38.716625214
0.239643514 -0.088703297 0.966800213 131.415313721 0.160898834 0.985675335 0.050552633 -5.934296131 -0.957435429 0.143442437 0.250482917 39.060752869
0.239606306 -0.090141736 0.966676414 132.813919067 0.159802258 0.985761940 0.052311890 -5.998339653 -0.957628310 0.141942814 0.250599653 39.411602020
0.239724174 -0.089517996 0.966705084 134.214843750 0.156420156 0.986292005 0.052542575 -6.061055660 -0.958157063 0.138616458 0.250440478 39.763450623
0.239948243 -0.088296153 0.966762066 135.621459961 0.153755218 0.986741960 0.051959224 -6.121036530 -0.958532333 0.136177182 0.250342965 40.115310669
0.239939317 -0.090900764 0.966522753 137.023941040 0.153452843 0.986640930 0.054698180 -6.186688423 -0.958582997 0.135191381 0.250682920 40.466373444
0.239732504 -0.095128492 0.966167152 138.429092407 0.154204801 0.986284912 0.058846865 -6.244170189 -0.958514035 0.134880066 0.251113802 40.813964844
0.240082890 -0.098282799 0.965764225 139.836456299 0.155712932 0.985878468 0.061620496 -6.299815178 -0.958182514 0.135587960 0.251996487 41.159648895
0.240557656 -0.098809406 0.965592384 141.237945557 0.157341614 0.985617340 0.061660111 -6.349283218 -0.957797348 0.137095079 0.252644658 41.504402161
0.241102830 -0.098618321 0.965475976 142.656417847 0.159634113 0.985303402 0.060779080 -6.406949043 -0.957280695 0.139468879 0.253302276 41.851772308
0.241414875 -0.098377734 0.965422630 144.062500000 0.163451210 0.984757006 0.059475105 -6.456329346 -0.956557631 0.143441290 0.253814936 42.197650909
0.241592124 -0.096967638 0.965520859 145.470642090 0.166858286 0.984325886 0.057105031 -6.507461548 -0.955924392 0.147308990 0.253985226 42.554813385
0.243591219 -0.095321842 0.965182424 146.894973755 0.168131694 0.984241784 0.054771334 -6.572581291 -0.955193698 0.148935959 0.255779296 42.891391754
0.243879125 -0.096956931 0.964946926 148.295547485 0.169023305 0.984011114 0.056153823 -6.630215645 -0.954962850 0.149403751 0.256367773 43.240829468
0.244166583 -0.101459071 0.964411080 149.698532104 0.166018158 0.984202564 0.061509229 -6.679317474 -0.955416441 0.145091265 0.257153392 43.595588684
0.243805751 -0.104137637 0.964216769 151.101028442 0.166055724 0.984018564 0.064288467 -6.735568047 -0.955502212 0.144439816 0.257201970 43.951026917
0.244562045 -0.102711372 0.964178324 152.501556396 0.166191742 0.984099329 0.062679298 -6.785525322 -0.955285132 0.144909486 0.257743150 44.300975800
0.245408833 -0.101035535 0.964140177 153.894882202 0.170083731 0.983614445 0.059783790 -6.833263397 -0.954382539 0.149313092 0.258572191 44.649524689
0.246348098 -0.101790994 0.963821292 155.280334473 0.173013732 0.983114183 0.059607059 -6.891941071 -0.953613579 0.152070224 0.259799540 45.003704071
0.248620152 -0.098734573 0.963555753 156.665130615 0.173103258 0.983305037 0.056093540 -6.948758125 -0.953007519 0.152848616 0.261560738 45.350830078
0.250261754 -0.096191525 0.963387966 158.036819458 0.175968438 0.982998192 0.052437786 -7.007335663 -0.952052593 0.156402662 0.262933493 45.695632935
0.250899225 -0.095224917 0.963318110 159.421463013 0.171687543 0.983750045 0.052528080 -7.080346107 -0.952666223 0.152210474 0.263171047 46.070968628
0.251708776 -0.095326632 0.963096797 160.780517578 0.168790206 0.984209657 0.053302448 -7.142631531 -0.952970386 0.149144590 0.263824463 46.426700592
0.253457695 -0.097708203 0.962399185 162.161895752 0.166831315 0.984393775 0.056004461 -7.204984665 -0.952851772 0.146363586 0.265802890 46.787170410
0.254735231 -0.096819915 0.962151706 163.521469116 0.165444493 0.984668374 0.055283368 -7.263763428 -0.952752829 0.145100072 0.266848058 47.143646240
0.255533636 -0.094174616 0.962202549 164.872222900 0.164683074 0.984939575 0.052664842 -7.329374313 -0.952671051 0.145000815 0.267194152 47.498626709
0.256493717 -0.092790507 0.962081432 166.265472412 0.162067205 0.985417426 0.051833604 -7.400874138 -0.952861607 0.142626882 0.267791629 47.874332428
0.257808119 -0.093560047 0.961655617 167.630371094 0.160167396 0.985668361 0.052957330 -7.467392921 -0.952828109 0.140373066 0.269098490 48.232959747
0.257812381 -0.093402579 0.961669743 168.993026733 0.159459740 0.985780895 0.052995101 -7.530079842 -0.952945650 0.139684841 0.269040465 48.609859467
0.258643180 -0.093580231 0.961429358 170.347167969 0.160203472 0.985668540 0.052841704 -7.589022636 -0.952595770 0.140357181 0.269928336 48.966304779
0.258915544 -0.097447939 0.960971713 171.700881958 0.160620630 0.985389292 0.056647830 -7.655152321 -0.952451468 0.139684916 0.270784765 49.328071594
0.259361356 -0.101855576 0.960394263 173.038528442 0.161120027 0.985050440 0.060958892 -7.708601952 -0.952245831 0.138928398 0.271895021 49.687400818
0.259184986 -0.103043355 0.960315168 174.377670288 0.161539555 0.984911442 0.062083758 -7.762788773 -0.952222764 0.139037684 0.271919817 50.052223206
0.259363949 -0.101173073 0.960465670 175.727951050 0.162249163 0.984927833 0.059936106 -7.811153412 -0.952053249 0.140289500 0.271870106 50.415981293
0.259496599 -0.096697152 0.960890830 177.063369751 0.162055492 0.985226333 0.055381652 -7.858914375 -0.952050209 0.141346306 0.271333188 50.773757935
0.260200530 -0.094094865 0.960958779 178.421936035 0.162882075 0.985254705 0.052369978 -7.917675018 -0.951716900 0.142896280 0.271690130 51.126178741
0.259849191 -0.095681533 0.960897207 179.748077393 0.164972335 0.984848619 0.053454079 -7.986628532 -0.951452851 0.144631475 0.271696985 51.477760315
0.259780586 -0.098468013 0.960634291 181.090805054 0.165442437 0.984617651 0.056186419 -8.040350914 -0.951389968 0.144333556 0.272075355 51.839771271
0.260016650 -0.100182012 0.960393012 182.442062378 0.166391581 0.984373868 0.057634704 -8.095733643 -0.951159894 0.144815326 0.272623092 52.196117401
0.260094643 -0.099993125 0.960391581 183.780197144 0.167995736 0.984140098 0.056968898 -8.150146484 -0.950856507 0.146524370 0.272768050 52.548435211
0.259385586 -0.100100607 0.960572183 185.152786255 0.169963092 0.983822048 0.056627918 -8.207532883 -0.950700641 0.148573324 0.272202730 52.923740387
0.259796947 -0.099125072 0.960562289 186.502914429 0.170567811 0.983787835 0.055389494 -8.265191078 -0.950480044 0.149450973 0.272492588 53.279872894
0.260289758 -0.096264139 0.960719705 187.849914551 0.171559408 0.983795524 0.052095365 -8.325425148 -0.950166643 0.151260629 0.272586942 53.638099670
0.260265559 -0.090472534 0.961288989 189.238464355 0.171418130 0.984114051 0.046209875 -8.395448685 -0.950198710 0.152755529 0.271639705 54.016376495
0.261228949 -0.087072499 0.961341679 190.595245361 0.167644903 0.984880626 0.043649741 -8.463208199 -0.950607479 0.149761453 0.271876633 54.379310608
0.262940884 -0.086561896 0.960920930 191.953826904 0.165418804 0.985264003 0.043490522 -8.544605255 -0.950525463 0.147518978 0.273385167 54.744812012
0.264264554 -0.089226477 0.960313916 193.319656372 0.161913127 0.985683799 0.047027528 -8.617158890 -0.950762033 0.143059731 0.274928182 55.120075226
0.265472710 -0.092424542 0.959678054 194.670562744 0.160636410 0.985721052 0.050496362 -8.681558609 -0.950642049 0.140753821 0.276528805 55.492057800
0.267025739 -0.096009195 0.958894968 196.016891479 0.161205128 0.985454619 0.053777292 -8.749568939 -0.950110674 0.140218884 0.278618932 55.862724304
0.269038171 -0.096312508 0.958301723 197.376083374 0.163794309 0.985068738 0.053018276 -8.804097176 -0.949099481 0.142700449 0.280796528 56.246662140
0.271480978 -0.095159031 0.957727849 198.718963623 0.165894806 0.984832764 0.050826985 -8.862028122 -0.948038459 0.145083562 0.283149779 56.618827820
0.273736328 -0.095568307 0.957045019 200.063598633 0.166325882 0.984763324 0.050763261 -8.922693253 -0.947314143 0.145285591 0.285460979 56.995960236
0.276183277 -0.096615933 0.956236482 201.413818359 0.164874211 0.984948337 0.051897407 -8.983825684 -0.946857631 0.143325523 0.287955761 57.373584747
0.278330773 -0.099223554 0.955346406 202.770904541 0.164145619 0.984930813 0.054474011 -9.041058540 -0.946355224 0.141654119 0.290423661 57.756748199
0.278510600 -0.101090081 0.955098212 204.127471924 0.161998034 0.985141635 0.057030670 -9.104138374 -0.946672320 0.138840377 0.290748805 58.167854309
0.279297709 -0.102070749 0.954764009 205.477935791 0.164604321 0.984704435 0.057119779 -9.153979301 -0.945990562 0.141204834 0.291826963 58.563438416
0.281767339 -0.100920103 0.954160511 206.839096069 0.169511676 0.984046400 0.054023616 -9.208716393 -0.944390178 0.146519274 0.294379264 58.940853119
0.283908486 -0.096352994 0.953997910 208.181716919 0.169342145 0.984337389 0.049021255 -9.274078369 -0.943779230 0.147634506 0.295778424 59.341590881
0.286295354 -0.095789850 0.953341067 209.526031494 0.168879613 0.984457314 0.048200574 -9.339200020 -0.943140864 0.147200286 0.298022509 59.742477417
0.289178252 -0.098710597 0.952172339 210.875061035 0.165757671 0.984807611 0.051752646 -9.396903992 -0.942815185 0.142864138 0.301146984 60.145725250
0.291154921 -0.103146084 0.951099217 212.204589844 0.164453194 0.984767973 0.056454245 -9.461398125 -0.942435145 0.139974415 0.303682715 60.553997040
0.293756425 -0.102538124 0.950364769 213.548828125 0.165442243 0.984678805 0.055102430 -9.514842987 -0.941454113 0.141043797 0.306219876 60.965469360
0.297607243 -0.098028541 0.949642181 214.899200439 0.165331990 0.984976649 0.049862802 -9.568933487 -0.940263450 0.142166719 0.309343427 61.374610901
0.299391001 -0.097375490 0.949148536 216.253707886 0.170746282 0.984188080 0.047111582 -9.645917892 -0.938728273 0.147958800 0.311283588 61.784694672
0.302018404 -0.098032571 0.948248208 217.607284546 0.168375134 0.984545887 0.048157431 -9.709413528 -0.938314855 0.145116970 0.313857198 62.209640503
0.303692371 -0.099045865 0.947607934 218.960815430 0.169791952 0.984287500 0.048464209 -9.777192116 -0.937518835 0.146178022 0.315737844 62.639762878
0.304690182 -0.095064588 0.947695315 220.303985596 0.167057618 0.984915614 0.045088097 -9.842721939 -0.937686205 0.144581854 0.315975398 63.068660736
0.305476129 -0.088670023 0.948062122 221.673278809 0.163272649 0.985786259 0.039589986 -9.919216156 -0.938097179 0.142698839 0.315611601 63.510501862
0.306026161 -0.085120820 0.948210120 223.032272339 0.162594989 0.986034513 0.036040254 -10.002020836 -0.938035607 0.143144965 0.315592557 63.939384460
0.305867106 -0.088285103 0.947972059 224.370407104 0.161688864 0.986044407 0.039661236 -10.084547043 -0.938244104 0.141145438 0.315873265 64.367759705
0.305995166 -0.092529714 0.947525859 225.726913452 0.161488429 0.985887587 0.044124637 -10.157479286 -0.938236833 0.139512539 0.316619337 64.798965454
0.305961609 -0.092829444 0.947507381 227.085250854 0.161379531 0.985889614 0.044478431 -10.226849556 -0.938266575 0.139299601 0.316625148 65.229858398
0.305362135 -0.094064094 0.947579026 228.440017700 0.162517950 0.985657275 0.045471802 -10.293374062 -0.938265383 0.140113235 0.316269487 65.659225464
0.304290295 -0.093727820 0.947957039 229.808807373 0.160419866 0.985976756 0.045992851 -10.371091843 -0.938974380 0.138075963 0.315058887 66.106987000
0.303491324 -0.094887748 0.948097706 231.156311035 0.159241930 0.986085892 0.047715444 -10.442099571 -0.939433396 0.136495680 0.314378560 66.534439087
0.301796526 -0.094621591 0.948665142 232.523025513 0.159816578 0.986002982 0.047503684 -10.509492874 -0.939881563 0.137275979 0.312694371 66.970809937
0.301056355 -0.098495409 0.948506057 233.886917114 0.159479529 0.985843718 0.051753756 -10.572973251 -0.940176189 0.135686502 0.312502503 67.405395508
0.301191777 -0.098297030 0.948483646 235.265487671 0.162769780 0.985374331 0.050432570 -10.637634277 -0.939568937 0.139194593 0.312786341 67.830810547
0.301133692 -0.095538862 0.948783875 236.644073486 0.163008764 0.985480726 0.047496900 -10.701892853 -0.939545989 0.140357152 0.312335044 68.262191772
0.301025003 -0.093764536 0.948995292 238.009002686 0.162646100 0.985621274 0.045791380 -10.773203850 -0.939643621 0.140565991 0.311947137 68.691162109
0.300952137 -0.094914302 0.948904157 239.376480103 0.162476182 0.985589921 0.047053251 -10.844681740 -0.939696312 0.140013576 0.312036693 69.122055054
0.301044554 -0.096472532 0.948717654 240.760406494 0.163320243 0.985386431 0.048376914 -10.913298607 -0.939520478 0.140381202 0.312401086 69.557472229
0.301146775 -0.101241887 0.948188066 242.138931274 0.165415987 0.984819293 0.052616648 -10.976931572 -0.939120948 0.141000122 0.313322186 69.987083435
0.301349819 -0.103300050 0.947901547 243.522918701 0.168472886 0.984242380 0.053700741 -11.039116859 -0.938512206 0.143513009 0.314004511 70.424110413
0.301978350 -0.102683514 0.947768509 244.911300659 0.171767533 0.983771801 0.051855560 -11.098947525 -0.937712610 0.147136599 0.314715445 70.850372314
0.301946163 -0.097148120 0.948362172 246.310241699 0.170779303 0.984213948 0.046446797 -11.167051315 -0.937903464 0.147936195 0.313770503 71.293395996
0.301776469 -0.093386680 0.948793948 247.695983887 0.170449913 0.984441519 0.042681508 -11.239090919 -0.938018024 0.148841545 0.312998980 71.725822449
0.301438361 -0.091637835 0.949071884 249.103698730 0.167203680 0.985027254 0.042003319 -11.316516876 -0.938710749 0.146026894 0.312247247 72.176017761
0.301197141 -0.091629691 0.949149251 250.492172241 0.166173533 0.985185564 0.042376112 -11.390012741 -0.938971102 0.144959912 0.311961591 72.610877991
0.300693959 -0.090726733 0.949395597 251.888793945 0.163609833 0.985614955 0.042369202 -11.468701363 -0.939582348 0.142590255 0.311212301 73.058074951
0.300500929 -0.088116080 0.949702442 253.281021118 0.162330657 0.985920727 0.040112555 -11.556534767 -0.939865947 0.142111912 0.310573965 73.492897034
0.299765676 -0.087971173 0.949948192 254.676773071 0.160654649 0.986174047 0.040629748 -11.634904861 -0.940388560 0.140434176 0.309754074 73.935333252
0.299910903 -0.090260610 0.949687541 256.084503174 0.159178376 0.986292303 0.043471158 -11.706011772 -0.940593302 0.138132244 0.310167313 74.373435974
0.299602658 -0.093130343 0.949507773 257.514587402 0.158784926 0.986211479 0.046628200 -11.783131599 -0.940757990 0.136797577 0.310259283 74.823486328
0.299686641 -0.093419142 0.949452937 258.936645508 0.159403294 0.986107826 0.046711430 -11.847746849 -0.940626621 0.137347147 0.310414642 75.268554688
0.299044192 -0.095665522 0.949431777 260.351379395 0.160461053 0.985835373 0.048792873 -11.920237541 -0.940651178 0.137755632 0.310158968 75.714668274
0.298394680 -0.098899521 0.949304819 261.770812988 0.162007034 0.985432208 0.051739700 -11.990168571 -0.940592468 0.138355196 0.310070127 76.163742065
0.298699856 -0.098432966 0.949257255 263.211395264 0.163964659 0.985169530 0.050562643 -12.049346924 -0.940156400 0.140541553 0.310409516 76.604934692
0.298713118 -0.096286848 0.949473202 264.640441895 0.164513022 0.985198855 0.048152503 -12.117051125 -0.940056324 0.141816899 0.310132235 77.050025940
0.298613876 -0.095574893 0.949576318 266.082153320 0.165780887 0.985041440 0.047011219 -12.190848351 -0.939865112 0.143383428 0.309991568 77.497024536
0.298355103 -0.096020006 0.949612737 267.538574219 0.166499048 0.984907508 0.047277167 -12.266299248 -0.939820409 0.144004241 0.309839368 77.954139709
0.298718095 -0.096601576 0.949439645 268.977722168 0.167103514 0.984788537 0.047623124 -12.331624031 -0.939597845 0.144428834 0.310316563 78.393692017
0.298605621 -0.097418405 0.949391544 270.436279297 0.168272346 0.984566212 0.048102185 -12.394665718 -0.939424932 0.145392761 0.310389817 78.848693848
0.298264712 -0.098720618 0.949364185 271.900634766 0.168466568 0.984466553 0.049443126 -12.467256546 -0.939498365 0.145188957 0.310262829 79.305549622
0.297954887 -0.100105844 0.949316442 273.368438721 0.169944957 0.984161854 0.050440956 -12.535056114 -0.939330459 0.146302432 0.310248315 79.759025574
0.298128664 -0.097626887 0.949519992 274.856323242 0.170459181 0.984210730 0.047673207 -12.603454590 -0.939182103 0.147641659 0.310062826 80.218124390
0.298539996 -0.096337631 0.949522495 276.332000732 0.171695635 0.984082043 0.045861084 -12.673824310 -0.938826263 0.149337515 0.310328543 80.666519165
0.298201263 -0.097261019 0.949534714 277.804931641 0.172341481 0.983931601 0.046660442 -12.748244286 -0.938815415 0.149730027 0.310171813 81.131248474
0.297707528 -0.099860646 0.949419737 279.295715332 0.173523396 0.983607829 0.049045186 -12.820899963 -0.938754499 0.150145426 0.310155630 81.596397400
0.298493564 -0.099766344 0.949182928 280.798767090 0.175845206 0.983244538 0.048047710 -12.891263962 -0.938072503 0.152567312 0.311035603 82.052619934
0.298780113 -0.098361589 0.949239373 282.296386719 0.177523896 0.983041465 0.045987248 -12.965147972 -0.937665045 0.154772595 0.311174750 82.515243530
0.298908740 -0.098419011 0.949192882 283.808868408 0.178387254 0.982896805 0.045738030 -13.032958031 -0.937460124 0.155652404 0.311353117 82.983665466
0.298548430 -0.097855605 0.949364603 285.335479736 0.176818296 0.983180225 0.045736779 -13.114570618 -0.937872112 0.154210374 0.310829610 83.469024658
0.298189610 -0.095839053 0.949683070 286.855865479 0.176678151 0.983295679 0.043756198 -13.189635277 -0.938012660 0.154740632 0.310141236 83.947250366
0.298073649 -0.093197152 0.949982285 288.377380371 0.174250975 0.983811915 0.041841656 -13.276376724 -0.938503444 0.153063476 0.309488088 84.421241760
0.297839016 -0.092487194 0.950125158 289.910156250 0.172883362 0.984063566 0.041596465 -13.362964630 -0.938830853 0.151871815 0.309082001 84.901428223
0.298200607 -0.092671871 0.949993789 291.446716309 0.170888096 0.984378397 0.042384729 -13.446045876 -0.939081311 0.149703518 0.309378684 85.373275757
0.297879010 -0.092616372 0.950100183 292.983917236 0.169173375 0.984650254 0.042944472 -13.530572891 -0.939493775 0.147939384 0.308974862 85.852989197
0.297830731 -0.092483930 0.950128198 294.526306152 0.166806132 0.985025525 0.043593109 -13.610280991 -0.939932227 0.145503864 0.308797777 86.335021973
0.297297865 -0.094703652 0.950076401 296.060241699 0.165841699 0.985065162 0.046296131 -13.689017296 -0.940271497 0.143798560 0.308563620 86.818939209
0.297251105 -0.099017896 0.949651122 297.629058838 0.167388529 0.984608531 0.050268397 -13.764200211 -0.940012157 0.144018367 0.309250474 87.302276611
0.296895236 -0.102347679 0.949409425 299.180572510 0.169737816 0.984062850 0.053003680 -13.833034515 -0.939703286 0.145414129 0.309535921 87.779594421
0.296336412 -0.102213115 0.949598432 300.742004395 0.170118093 0.984006524 0.052828871 -13.902927399 -0.939810932 0.145888731 0.308985204 88.263626099
0.295545965 -0.098967157 0.950188339 302.298095703 0.171344146 0.983982444 0.049192194 -13.968824387 -0.939837098 0.148270696 0.307769448 88.750495911
0.294700891 -0.095552146 0.950800300 303.859161377 0.171941310 0.984051228 0.045600493 -14.047849655 -0.939993382 0.150043339 0.306430072 89.233863831
0.294231206 -0.095421061 0.950958848 305.422973633 0.172223195 0.984008789 0.045450676 -14.126991272 -0.940088868 0.150404185 0.305959851 89.709686279
0.293733627 -0.097892843 0.950861454 307.001129150 0.171895787 0.983935416 0.048197012 -14.207066536 -0.940304458 0.149291977 0.305842191 90.193382263
0.293038309 -0.100385502 0.950816154 308.569488525 0.172643393 0.983681440 0.050647251 -14.281370163 -0.940384448 0.149310559 0.305587173 90.671028137
0.292105228 -0.102356672 0.950893104 310.129089355 0.174457222 0.983277440 0.052251037 -14.356948853 -0.940339923 0.150627390 0.305077344 91.145202637
0.291823149 -0.103641108 0.950840592 311.710571289 0.174572155 0.983185053 0.053588588 -14.431566238 -0.940406322 0.150351882 0.305008978 91.624008179
0.291112155 -0.104963861 0.950913429 313.274200439 0.177033320 0.982707202 0.054276429 -14.500299454 -0.940166414 0.152542815 0.304660082 92.092590332
0.290382236 -0.101459645 0.951516747 314.819061279 0.178812414 0.982601583 0.050204493 -14.577716827 -0.940055490 0.155564517 0.303472251 92.559707642
0.289669394 -0.094836667 0.952416718 316.356048584 0.180258870 0.982677758 0.043025695 -14.660505295 -0.939999223 0.159218341 0.301746815 93.023231506
0.289081454 -0.093133137 0.952763438 317.923919678 0.179148003 0.982936859 0.041726656 -14.747137070 -0.940392435 0.158623263 0.300833374 93.494224548
